87
56
39
40
16
49
12
27
76
25
90
44
100
74
42
30
67
35
51
62
79
94
48
93
37
64
67
3
61
8
87
62
48
45
82
6
55
41
23
8
3
39
96
35
39
44
65
60
27
33
60
21
12
86
41
31
97
28
21
77
78
20
81
86
93
35
17
0
1
84
75
43
2
6
21
94
66
66
60
83
46
14
25
0
97
35
82
87
8
13
29
62
86
82
35
59
27
47
66
98
15
68
42
58
95
63
73
77
17
87
52
25
78
23
85
7
64
57
34
68
81
85
38
70
89
34
66
62
98
93
47
13
63
90
19
24
66
74
40
66
53
13
43
61
48
97
26
67
59
64
68
70
88
78
45
75
2
79
28
12
62
57
41
51
36
49
19
22
93
92
44
19
43
63
32
83
100
94
98
53
76
58
19
29
96
60
36
13
64
75
90
16
5
56
57
74
42
52
85
48
72
44
49
89
92
32
35
47
10
56
55
7
3
89
2
95
4
68
76
62
76
48
80
96
44
49
57
43
94
71
30
88
62
9
47
99
81
71
19
4
78
62
26
81
54
69
9
35
91
88
87
7
32
43
68
18
46
33
47
75
4
18
11
82
78
44
35
73
76
71
39
75
49
73
18
65
9
93
96
9
84
66
65
22
65
86
74
2
11
38
41
99
6
55
71
19
44
100
53
17
35
41
44
18
26
81
49
33
32
60
71
57
80
85
52
16
94
46
43
100
77
37
88
24
19
68
76
48
38
40
21
20
34
51
12
39
73
96
14
61
16
35
26
61
49
37
68
36
95
46
32
100
39
5
36
44
11
23
70
29
76
9
24
26
78
73
41
0
12
8
82
32
66
74
27
38
48
47
97
12
12
51
43
17
29
95
74
75
24
9
62
22
80
23
75
33
43
51
100
2
78
98
55
64
82
50
33
50
40
27
55
27
27
91
88
78
52
4
100
12
9
8
6
41
48
67
83
12
33
21
54
81
61
80
81
96
62
47
67
27
74
54
16
9
1
35
70
40
29
45
91
26
79
97
97
94
85
7
61
92
70
79
53
24
48
36
95
92
11
63
31
32
43
55
35
29
72
0
92
41
54
92
58
5
78
80
7
15
42
12
27
82
68
82
29
3
11
5
67
16
50
14
87
99
74
9
44
45
61
73
84
23
11
95
17
3
26
10
1
3
42
98
6
85
49
5
38
6
29
88
64
9
28
91
11
51
14
61
46
56
20
84
60
7
35
0
47
44
90
32
6
100
19
11
0
65
9
78
23
9
7
16
9
17
77
65
21
34
86
67
49
20
84
49
40
20
73
64
59
48
34
83
12
35
42
27
71
58
2
77
14
100
96
33
46
94
24
7
100
39
12
64
52
29
22
91
22
27
20
24
48
20
47
92
83
94
84
98
48
47
69
6
26
30
58
53
12
45
25
85
73
31
6
12
9
64
73
11
6
74
75
91
19
10
96
52
30
38
36
28
66
32
89
89
38
11
34
7
49
43
46
98
87
32
82
69
12
17
89
26
12
76
41
61
5
90
67
92
46
62
39
93
62
89
8
22
33
65
27
40
17
89
49
54
29
30
7
20
98
98
42
57
34
25
27
10
93
8
74
24
28
31
37
2
73
71
6
17
14
70
70
97
47
42
11
83
67
77
93
85
14
81
58
4
15
48
89
40
11
72
8
33
88
6
30
61
56
97
50
80
58
37
99
70
52
65
53
66
97
65
29
60
65
3
78
3
90
4
0
84
7
54
51
93
18
31
97
81
59
9
24
10
40
95
39
13
93
8
14
25
8
14
1
45
44
69
90
2
89
50
66
44
62
14
83
94
0
66
0
30
43
45
100
17
24
22
20
74
26
49
45
21
94
97
48
13
67
10
39
9
87
55
8
53
41
25
41
34
59
8
0
16
33
63
35
53
60
90
43
72
74
3
7
27
21
65
41
53
1
29
33
61
7
10
46
98
93
29
69
8
45
29
53
26
32
76
48
72
99
63
87
45
35
52
97
37
21
29
9
77
24
100
13
37
93
59
23
13
83
93
11
77
16
30
35
72
61
81
67
67
54
60
92
16
15
54
5
84
85
78
85
52
9
82
48
11
43
72
30
46
3
10
73
8
76
59
44
6
33
93
59
35
38
98
15
29
70
24
34
16
58
41
89
15
13
65
2
16
48
2
22
59
24
98
42
87
45
80
39
1
60
69
14
14
20
37
63
4
57
62
4
57
43
24
36
26
6
90
83
97
86
29
10
7
70
31
63
54
51
52
